8.5 4 17 4.5 52
9 5 18.5 5 57
10 5 20 5 60
7 3.5 13.5 4 44
9.5 5 19 5 58
6 3 11 3 38
8 4 15.5 4 49
8.5 4 16 4.5 51
9 4.5 18 5 55
7.5 3.5 14 4 46
10 5 19.5 5 59
8 4 15 4 48
6.5 3 12 3.5 41
9 5 18 5 54
7 3.5 13 4 43
8.5 4 16.5 4.5 52
9.5 5 19 5 58
8 4 15 4.5 50
10 5 20 5 60
7.5 3.5 14.5 4 47
9 4.5 17 5 53
8.5 4 16 4.5 50
6 3 10.5 3 36
10 5 20 5 59
9 4.5 18.5 5 56
7.5 3.5 14 4 45
7 3 12.5 3.5 41
9.5 5 19 5 57
8.5 4 16.5 4.5 51
6.5 3 11.5 3.5 39
9 4.5 17.5 5 53
8 4 15 4 48
10 5 20 5 60
7.5 3.5 14 4 46
8.5 4 16 4.5 52
9 5 18.5 5 55
6 3 11 3 37
8 4 15 4 49
9.5 5 19 5 58
7 3.5 13.5 4 44
10 5 20 5 59
8.5 4 16.5 4.5 53
7.5 4 15 4 47
9 4.5 18 5 54
6.5 3 12 3.5 40
8.5 4 16 4.5 50
9 5 18 5 56
8 4 15 4 48
10 5 19.5 5 60
7.5 3.5 14 4 45