10 5 20 5 59
8.5 4 16 4.5 51
9 5 18 5 56
7 3.5 13 4 44
9.5 5 19.5 5 58
6.5 3 12 3.5 40
9 4.5 17 5 53
8 4 15 4 48
9.5 5 19 5 57
7.5 3.5 14.5 4.5 47
10 5 20 5 60
8 4 16 4 50
6 3 11 3 36
9 4.5 18 4.5 54
7 3.5 13.5 4 43
8.5 4 17 4.5 52
9 5 18.5 5 56
8 4 15.5 4 49
10 5 19 5 58
7.5 3.5 14 4 45
9 4.5 17.5 5 54
8.5 4 16 4.5 51
6.5 3 12.5 3.5 41
10 5 20 5 60
9 4.5 18.5 5 55
8 4 15 4 47
7 3.5 13 4 42
9.5 5 19 5 58
8.5 4 16.5 4.5 51
6 3 10 3 35
9 4.5 17 5 53
8 4 15 4 48
10 5 19.5 5 59
7.5 3.5 14 4 46
8.5 4 16 4.5 50
9 5 18 5 55
6.5 3 11.5 3 39
8 4 15 4 49
9.5 5 19 5 57
7 3.5 13 4 43
10 5 20 5 60
8.5 4 16.5 4.5 52
7.5 4 15 4 47
9 4.5 18 5 54
6 3 11 3 38
8.5 4 16 4.5 50
9 5 18.5 5 57
8 4 15 4 49
10 5 20 5 60
7.5 3.5 14 4 46