1801 Abrar 3.78 85.5
1802 Nafis 3.45 78.0
1803 Tanvir 3.62 81.5
1805 Nusrat 3.91 92.0
1807 Tahsin 3.28 73.5
1809 Mehedi 3.54 80.0
1811 Sakib 3.85 88.5
1814 Samia 3.67 83.0
1816 Shahriar 3.15 71.0
1817 Tasnim 3.94 93.5
1818 Nabila 3.72 84.0
1819 Sabbir 3.40 76.5
1821 Ashikur 3.58 80.5
1824 Joy 3.31 74.0
1825 Sourav 3.88 89.0
1828 Iftekar 3.65 82.5
1829 Saima 3.96 95.0
1831 Muntaha 3.79 86.0
1833 Priyo 3.22 72.5
1835 Ishrat 3.82 87.0
1836 Touhidul 3.50 79.0
1838 Asaduzzaman 3.41 77.0
1839 Shafiul 3.69 83.5
1841 Salman 3.75 85.0
1842 Sumaiya 3.89 90.5
1844 Shadman 3.36 75.5
1846 Redwan 3.60 81.0
1847 Nahid 3.52 79.5
1849 Rakibul 3.70 84.5
1822 Sanjida 3.93 93.0
1808 Farhan 3.48 78.5
1812 Raisa 3.81 87.5
1848 Sumaya 3.76 85.0
1832 Hasibul 3.29 74.5
1843 Imtiaz 3.64 82.0
1810 Anika 3.98 96.0
1834 Mahbubur 3.44 77.5
1826 Jannatul 3.86 89.5
1820 Zarin 3.73 84.0
1804 Sadia 3.90 91.0
1850 Zubaer 3.38 76.0
1815 Rifat 3.55 80.0
1840 Fariha 3.84 88.0
1827 Nazmul 3.18 71.5
1806 Mahir 3.66 82.5
1813 Fahim 3.77 85.5
1845 Bushra 3.95 94.5
1837 Afia 3.80 86.5
1823 Kazi 3.47 78.0
1830 Rayhan 3.59 81.0